 #	x	F(x)
 0.0000000  1.0000000
 0.0010010  1.0000000
 0.0020020  1.0000000
 0.0030030  1.0000000
 0.0040040  1.0000000
 0.0050050  1.0000000
 0.0060060  1.0000000
 0.0070070  1.0000000
 0.0080080  0.9999999
 0.0090090  0.9999999
 0.0100100  0.9999999
 0.0110110  0.9999999
 0.0120120  0.9999998
 0.0130130  0.9999998
 0.0140140  0.9999997
 0.0150150  0.9999997
 0.0160160  0.9999996
 0.0170170  0.9999995
 0.0180180  0.9999994
 0.0190190  0.9999993
 0.0200200  0.9999992
 0.0210210  0.9999991
 0.0220220  0.9999989
 0.0230230  0.9999988
 0.0240240  0.9999986
 0.0250250  0.9999984
 0.0260260  0.9999982
 0.0270270  0.9999980
 0.0280280  0.9999978
 0.0290290  0.9999976
 0.0300300  0.9999973
 0.0310310  0.9999970
 0.0320320  0.9999967
 0.0330330  0.9999964
 0.0340340  0.9999961
 0.0350350  0.9999957
 0.0360360  0.9999953
 0.0370370  0.9999949
 0.0380380  0.9999945
 0.0390390  0.9999941
 0.0400400  0.9999936
 0.0410410  0.9999931
 0.0420420  0.9999926
 0.0430430  0.9999920
 0.0440440  0.9999915
 0.0450450  0.9999909
 0.0460460  0.9999902
 0.0470470  0.9999896
 0.0480480  0.9999889
 0.0490490  0.9999882
 0.0500501  0.9999875
 0.0510511  0.9999867
 0.0520521  0.9999859
 0.0530531  0.9999851
 0.0540541  0.9999842
 0.0550551  0.9999833
 0.0560561  0.9999824
 0.0570571  0.9999814
 0.0580581  0.9999804
 0.0590591  0.9999794
 0.0600601  0.9999783
 0.0610611  0.9999772
 0.0620621  0.9999761
 0.0630631  0.9999749
 0.0640641  0.9999737
 0.0650651  0.9999725
 0.0660661  0.9999712
 0.0670671  0.9999698
 0.0680681  0.9999685
 0.0690691  0.9999671
 0.0700701  0.9999656
 0.0710711  0.9999641
 0.0720721  0.9999626
 0.0730731  0.9999610
 0.0740741  0.9999594
 0.0750751  0.9999577
 0.0760761  0.9999560
 0.0770771  0.9999542
 0.0780781  0.9999524
 0.0790791  0.9999505
 0.0800801  0.9999486
 0.0810811  0.9999467
 0.0820821  0.9999447
 0.0830831  0.9999426
 0.0840841  0.9999406
 0.0850851  0.9999384
 0.0860861  0.9999362
 0.0870871  0.9999340
 0.0880881  0.9999316
 0.0890891  0.9999293
 0.0900901  0.9999269
 0.0910911  0.9999244
 0.0920921  0.9999219
 0.0930931  0.9999193
 0.0940941  0.9999167
 0.0950951  0.9999140
 0.0960961  0.9999113
 0.0970971  0.9999085
 0.0980981  0.9999056
 0.0990991  0.9999027
 0.1001001  0.9998997
 0.1011011  0.9998967
 0.1021021  0.9998936
 0.1031031  0.9998904
 0.1041041  0.9998872
 0.1051051  0.9998839
 0.1061061  0.9998805
 0.1071071  0.9998771
 0.1081081  0.9998737
 0.1091091  0.9998701
 0.1101101  0.9998665
 0.1111111  0.9998628
 0.1121121  0.9998591
 0.1131131  0.9998553
 0.1141141  0.9998514
 0.1151151  0.9998475
 0.1161161  0.9998434
 0.1171171  0.9998394
 0.1181181  0.9998352
 0.1191191  0.9998310
 0.1201201  0.9998267
 0.1211211  0.9998223
 0.1221221  0.9998179
 0.1231231  0.9998134
 0.1241241  0.9998088
 0.1251251  0.9998041
 0.1261261  0.9997994
 0.1271271  0.9997945
 0.1281281  0.9997897
 0.1291291  0.9997847
 0.1301301  0.9997796
 0.1311311  0.9997745
 0.1321321  0.9997693
 0.1331331  0.9997640
 0.1341341  0.9997587
 0.1351351  0.9997532
 0.1361361  0.9997477
 0.1371371  0.9997421
 0.1381381  0.9997364
 0.1391391  0.9997306
 0.1401401  0.9997248
 0.1411411  0.9997188
 0.1421421  0.9997128
 0.1431431  0.9997067
 0.1441441  0.9997005
 0.1451451  0.9996942
 0.1461461  0.9996879
 0.1471471  0.9996814
 0.1481481  0.9996748
 0.1491491  0.9996682
 0.1501502  0.9996615
 0.1511512  0.9996547
 0.1521522  0.9996478
 0.1531532  0.9996408
 0.1541542  0.9996337
 0.1551552  0.9996265
 0.1561562  0.9996192
 0.1571572  0.9996118
 0.1581582  0.9996044
 0.1591592  0.9995968
 0.1601602  0.9995892
 0.1611612  0.9995814
 0.1621622  0.9995736
 0.1631632  0.9995656
 0.1641642  0.9995576
 0.1651652  0.9995494
 0.1661662  0.9995412
 0.1671672  0.9995329
 0.1681682  0.9995244
 0.1691692  0.9995159
 0.1701702  0.9995072
 0.1711712  0.9994985
 0.1721722  0.9994896
 0.1731732  0.9994807
 0.1741742  0.9994716
 0.1751752  0.9994625
 0.1761762  0.9994532
 0.1771772  0.9994438
 0.1781782  0.9994343
 0.1791792  0.9994247
 0.1801802  0.9994150
 0.1811812  0.9994052
 0.1821822  0.9993953
 0.1831832  0.9993853
 0.1841842  0.9993752
 0.1851852  0.9993649
 0.1861862  0.9993546
 0.1871872  0.9993441
 0.1881882  0.9993335
 0.1891892  0.9993228
 0.1901902  0.9993120
 0.1911912  0.9993011
 0.1921922  0.9992901
 0.1931932  0.9992789
 0.1941942  0.9992677
 0.1951952  0.9992563
 0.1961962  0.9992448
 0.1971972  0.9992332
 0.1981982  0.9992214
 0.1991992  0.9992096
 0.2002002  0.9991976
 0.2012012  0.9991855
 0.2022022  0.9991733
 0.2032032  0.9991609
 0.2042042  0.9991485
 0.2052052  0.9991359
 0.2062062  0.9991232
 0.2072072  0.9991104
 0.2082082  0.9990974
 0.2092092  0.9990843
 0.2102102  0.9990711
 0.2112112  0.9990578
 0.2122122  0.9990443
 0.2132132  0.9990307
 0.2142142  0.9990170
 0.2152152  0.9990032
 0.2162162  0.9989892
 0.2172172  0.9989751
 0.2182182  0.9989609
 0.2192192  0.9989465
 0.2202202  0.9989320
 0.2212212  0.9989174
 0.2222222  0.9989026
 0.2232232  0.9988877
 0.2242242  0.9988727
 0.2252252  0.9988575
 0.2262262  0.9988422
 0.2272272  0.9988268
 0.2282282  0.9988112
 0.2292292  0.9987955
 0.2302302  0.9987796
 0.2312312  0.9987637
 0.2322322  0.9987475
 0.2332332  0.9987313
 0.2342342  0.9987149
 0.2352352  0.9986983
 0.2362362  0.9986816
 0.2372372  0.9986648
 0.2382382  0.9986478
 0.2392392  0.9986307
 0.2402402  0.9986134
 0.2412412  0.9985960
 0.2422422  0.9985785
 0.2432432  0.9985608
 0.2442442  0.9985430
 0.2452452  0.9985250
 0.2462462  0.9985068
 0.2472472  0.9984885
 0.2482482  0.9984701
 0.2492492  0.9984515
 0.2502503  0.9984328
 0.2512513  0.9984139
 0.2522523  0.9983949
 0.2532533  0.9983757
 0.2542543  0.9983564
 0.2552553  0.9983369
 0.2562563  0.9983172
 0.2572573  0.9982974
 0.2582583  0.9982775
 0.2592593  0.9982574
 0.2602603  0.9982371
 0.2612613  0.9982167
 0.2622623  0.9981961
 0.2632633  0.9981754
 0.2642643  0.9981545
 0.2652653  0.9981334
 0.2662663  0.9981122
 0.2672673  0.9980909
 0.2682683  0.9980693
 0.2692693  0.9980476
 0.2702703  0.9980258
 0.2712713  0.9980038
 0.2722723  0.9979816
 0.2732733  0.9979592
 0.2742743  0.9979367
 0.2752753  0.9979141
 0.2762763  0.9978912
 0.2772773  0.9978682
 0.2782783  0.9978450
 0.2792793  0.9978217
 0.2802803  0.9977982
 0.2812813  0.9977745
 0.2822823  0.9977507
 0.2832833  0.9977267
 0.2842843  0.9977025
 0.2852853  0.9976781
 0.2862863  0.9976536
 0.2872873  0.9976289
 0.2882883  0.9976040
 0.2892893  0.9975790
 0.2902903  0.9975538
 0.2912913  0.9975284
 0.2922923  0.9975028
 0.2932933  0.9974771
 0.2942943  0.9974511
 0.2952953  0.9974250
 0.2962963  0.9973988
 0.2972973  0.9973723
 0.2982983  0.9973457
 0.2992993  0.9973189
 0.3003003  0.9972919
 0.3013013  0.9972647
 0.3023023  0.9972374
 0.3033033  0.9972098
 0.3043043  0.9971821
 0.3053053  0.9971542
 0.3063063  0.9971261
 0.3073073  0.9970979
 0.3083083  0.9970694
 0.3093093  0.9970408
 0.3103103  0.9970119
 0.3113113  0.9969829
 0.3123123  0.9969537
 0.3133133  0.9969244
 0.3143143  0.9968948
 0.3153153  0.9968650
 0.3163163  0.9968351
 0.3173173  0.9968049
 0.3183183  0.9967746
 0.3193193  0.9967441
 0.3203203  0.9967133
 0.3213213  0.9966824
 0.3223223  0.9966513
 0.3233233  0.9966200
 0.3243243  0.9965886
 0.3253253  0.9965569
 0.3263263  0.9965250
 0.3273273  0.9964929
 0.3283283  0.9964606
 0.3293293  0.9964282
 0.3303303  0.9963955
 0.3313313  0.9963626
 0.3323323  0.9963296
 0.3333333  0.9962963
 0.3343343  0.9962628
 0.3353353  0.9962292
 0.3363363  0.9961953
 0.3373373  0.9961612
 0.3383383  0.9961269
 0.3393393  0.9960925
 0.3403403  0.9960578
 0.3413413  0.9960229
 0.3423423  0.9959878
 0.3433433  0.9959525
 0.3443443  0.9959170
 0.3453453  0.9958813
 0.3463463  0.9958454
 0.3473473  0.9958092
 0.3483483  0.9957729
 0.3493493  0.9957364
 0.3503504  0.9956996
 0.3513514  0.9956626
 0.3523524  0.9956255
 0.3533534  0.9955881
 0.3543544  0.9955505
 0.3553554  0.9955127
 0.3563564  0.9954746
 0.3573574  0.9954364
 0.3583584  0.9953979
 0.3593594  0.9953593
 0.3603604  0.9953204
 0.3613614  0.9952813
 0.3623624  0.9952419
 0.3633634  0.9952024
 0.3643644  0.9951626
 0.3653654  0.9951227
 0.3663664  0.9950825
 0.3673674  0.9950421
 0.3683684  0.9950014
 0.3693694  0.9949606
 0.3703704  0.9949195
 0.3713714  0.9948782
 0.3723724  0.9948366
 0.3733734  0.9947949
 0.3743744  0.9947529
 0.3753754  0.9947107
 0.3763764  0.9946683
 0.3773774  0.9946256
 0.3783784  0.9945827
 0.3793794  0.9945396
 0.3803804  0.9944963
 0.3813814  0.9944527
 0.3823824  0.9944089
 0.3833834  0.9943649
 0.3843844  0.9943207
 0.3853854  0.9942762
 0.3863864  0.9942315
 0.3873874  0.9941865
 0.3883884  0.9941413
 0.3893894  0.9940959
 0.3903904  0.9940503
 0.3913914  0.9940044
 0.3923924  0.9939583
 0.3933934  0.9939119
 0.3943944  0.9938653
 0.3953954  0.9938185
 0.3963964  0.9937714
 0.3973974  0.9937241
 0.3983984  0.9936766
 0.3993994  0.9936288
 0.4004004  0.9935808
 0.4014014  0.9935325
 0.4024024  0.9934840
 0.4034034  0.9934352
 0.4044044  0.9933863
 0.4054054  0.9933370
 0.4064064  0.9932875
 0.4074074  0.9932378
 0.4084084  0.9931879
 0.4094094  0.9931376
 0.4104104  0.9930872
 0.4114114  0.9930365
 0.4124124  0.9929855
 0.4134134  0.9929343
 0.4144144  0.9928829
 0.4154154  0.9928312
 0.4164164  0.9927792
 0.4174174  0.9927270
 0.4184184  0.9926746
 0.4194194  0.9926219
 0.4204204  0.9925689
 0.4214214  0.9925157
 0.4224224  0.9924623
 0.4234234  0.9924086
 0.4244244  0.9923546
 0.4254254  0.9923004
 0.4264264  0.9922459
 0.4274274  0.9921911
 0.4284284  0.9921362
 0.4294294  0.9920809
 0.4304304  0.9920254
 0.4314314  0.9919696
 0.4324324  0.9919136
 0.4334334  0.9918573
 0.4344344  0.9918008
 0.4354354  0.9917440
 0.4364364  0.9916869
 0.4374374  0.9916296
 0.4384384  0.9915720
 0.4394394  0.9915141
 0.4404404  0.9914560
 0.4414414  0.9913976
 0.4424424  0.9913390
 0.4434434  0.9912800
 0.4444444  0.9912209
 0.4454454  0.9911614
 0.4464464  0.9911017
 0.4474474  0.9910417
 0.4484484  0.9909814
 0.4494494  0.9909209
 0.4504505  0.9908601
 0.4514515  0.9907990
 0.4524525  0.9907377
 0.4534535  0.9906761
 0.4544545  0.9906142
 0.4554555  0.9905520
 0.4564565  0.9904896
 0.4574575  0.9904269
 0.4584585  0.9903639
 0.4594595  0.9903007
 0.4604605  0.9902371
 0.4614615  0.9901733
 0.4624625  0.9901092
 0.4634635  0.9900449
 0.4644645  0.9899802
 0.4654655  0.9899153
 0.4664665  0.9898501
 0.4674675  0.9897846
 0.4684685  0.9897189
 0.4694695  0.9896528
 0.4704705  0.9895865
 0.4714715  0.9895199
 0.4724725  0.9894530
 0.4734735  0.9893858
 0.4744745  0.9893183
 0.4754755  0.9892506
 0.4764765  0.9891826
 0.4774775  0.9891142
 0.4784785  0.9890456
 0.4794795  0.9889767
 0.4804805  0.9889076
 0.4814815  0.9888381
 0.4824825  0.9887683
 0.4834835  0.9886983
 0.4844845  0.9886279
 0.4854855  0.9885573
 0.4864865  0.9884864
 0.4874875  0.9884151
 0.4884885  0.9883436
 0.4894895  0.9882718
 0.4904905  0.9881997
 0.4914915  0.9881273
 0.4924925  0.9880547
 0.4934935  0.9879817
 0.4944945  0.9879084
 0.4954955  0.9878348
 0.4964965  0.9877609
 0.4974975  0.9876867
 0.4984985  0.9876123
 0.4994995  0.9875375
 0.5005005  0.9874624
 0.5015015  0.9873870
 0.5025025  0.9873114
 0.5035035  0.9872354
 0.5045045  0.9871591
 0.5055055  0.9870825
 0.5065065  0.9870056
 0.5075075  0.9869284
 0.5085085  0.9868509
 0.5095095  0.9867731
 0.5105105  0.9866950
 0.5115115  0.9866166
 0.5125125  0.9865379
 0.5135135  0.9864588
 0.5145145  0.9863795
 0.5155155  0.9862999
 0.5165165  0.9862199
 0.5175175  0.9861396
 0.5185185  0.9860590
 0.5195195  0.9859781
 0.5205205  0.9858969
 0.5215215  0.9858154
 0.5225225  0.9857336
 0.5235235  0.9856514
 0.5245245  0.9855690
 0.5255255  0.9854862
 0.5265265  0.9854031
 0.5275275  0.9853197
 0.5285285  0.9852360
 0.5295295  0.9851519
 0.5305305  0.9850675
 0.5315315  0.9849829
 0.5325325  0.9848979
 0.5335335  0.9848125
 0.5345345  0.9847269
 0.5355355  0.9846409
 0.5365365  0.9845546
 0.5375375  0.9844680
 0.5385385  0.9843811
 0.5395395  0.9842938
 0.5405405  0.9842063
 0.5415415  0.9841184
 0.5425425  0.9840301
 0.5435435  0.9839416
 0.5445445  0.9838527
 0.5455455  0.9837635
 0.5465465  0.9836739
 0.5475475  0.9835841
 0.5485485  0.9834939
 0.5495495  0.9834033
 0.5505506  0.9833125
 0.5515516  0.9832213
 0.5525526  0.9831298
 0.5535536  0.9830379
 0.5545546  0.9829457
 0.5555556  0.9828532
 0.5565566  0.9827604
 0.5575576  0.9826672
 0.5585586  0.9825737
 0.5595596  0.9824798
 0.5605606  0.9823856
 0.5615616  0.9822911
 0.5625626  0.9821962
 0.5635636  0.9821010
 0.5645646  0.9820055
 0.5655656  0.9819096
 0.5665666  0.9818133
 0.5675676  0.9817168
 0.5685686  0.9816199
 0.5695696  0.9815226
 0.5705706  0.9814250
 0.5715716  0.9813271
 0.5725726  0.9812288
 0.5735736  0.9811302
 0.5745746  0.9810312
 0.5755756  0.9809319
 0.5765766  0.9808323
 0.5775776  0.9807323
 0.5785786  0.9806319
 0.5795796  0.9805312
 0.5805806  0.9804301
 0.5815816  0.9803288
 0.5825826  0.9802270
 0.5835836  0.9801249
 0.5845846  0.9800225
 0.5855856  0.9799197
 0.5865866  0.9798165
 0.5875876  0.9797130
 0.5885886  0.9796091
 0.5895896  0.9795049
 0.5905906  0.9794004
 0.5915916  0.9792954
 0.5925926  0.9791902
 0.5935936  0.9790845
 0.5945946  0.9789785
 0.5955956  0.9788722
 0.5965966  0.9787655
 0.5975976  0.9786584
 0.5985986  0.9785510
 0.5995996  0.9784432
 0.6006006  0.9783351
 0.6016016  0.9782266
 0.6026026  0.9781177
 0.6036036  0.9780085
 0.6046046  0.9778989
 0.6056056  0.9777889
 0.6066066  0.9776786
 0.6076076  0.9775679
 0.6086086  0.9774569
 0.6096096  0.9773455
 0.6106106  0.9772337
 0.6116116  0.9771215
 0.6126126  0.9770090
 0.6136136  0.9768961
 0.6146146  0.9767829
 0.6156156  0.9766692
 0.6166166  0.9765552
 0.6176176  0.9764409
 0.6186186  0.9763261
 0.6196196  0.9762110
 0.6206206  0.9760956
 0.6216216  0.9759797
 0.6226226  0.9758635
 0.6236236  0.9757469
 0.6246246  0.9756299
 0.6256256  0.9755125
 0.6266266  0.9753948
 0.6276276  0.9752767
 0.6286286  0.9751582
 0.6296296  0.9750394
 0.6306306  0.9749201
 0.6316316  0.9748005
 0.6326326  0.9746805
 0.6336336  0.9745601
 0.6346346  0.9744394
 0.6356356  0.9743182
 0.6366366  0.9741967
 0.6376376  0.9740748
 0.6386386  0.9739525
 0.6396396  0.9738299
 0.6406406  0.9737068
 0.6416416  0.9735834
 0.6426426  0.9734595
 0.6436436  0.9733353
 0.6446446  0.9732107
 0.6456456  0.9730857
 0.6466466  0.9729603
 0.6476476  0.9728346
 0.6486486  0.9727084
 0.6496496  0.9725819
 0.6506507  0.9724549
 0.6516517  0.9723276
 0.6526527  0.9721999
 0.6536537  0.9720718
 0.6546547  0.9719433
 0.6556557  0.9718144
 0.6566567  0.9716851
 0.6576577  0.9715554
 0.6586587  0.9714253
 0.6596597  0.9712949
 0.6606607  0.9711640
 0.6616617  0.9710327
 0.6626627  0.9709010
 0.6636637  0.9707690
 0.6646647  0.9706365
 0.6656657  0.9705036
 0.6666667  0.9703704
 0.6676677  0.9702367
 0.6686687  0.9701026
 0.6696697  0.9699682
 0.6706707  0.9698333
 0.6716717  0.9696980
 0.6726727  0.9695623
 0.6736737  0.9694262
 0.6746747  0.9692898
 0.6756757  0.9691529
 0.6766767  0.9690156
 0.6776777  0.9688779
 0.6786787  0.9687397
 0.6796797  0.9686012
 0.6806807  0.9684623
 0.6816817  0.9683229
 0.6826827  0.9681832
 0.6836837  0.9680430
 0.6846847  0.9679025
 0.6856857  0.9677615
 0.6866867  0.9676201
 0.6876877  0.9674783
 0.6886887  0.9673360
 0.6896897  0.9671934
 0.6906907  0.9670503
 0.6916917  0.9669069
 0.6926927  0.9667630
 0.6936937  0.9666187
 0.6946947  0.9664740
 0.6956957  0.9663289
 0.6966967  0.9661833
 0.6976977  0.9660373
 0.6986987  0.9658909
 0.6996997  0.9657441
 0.7007007  0.9655969
 0.7017017  0.9654492
 0.7027027  0.9653012
 0.7037037  0.9651527
 0.7047047  0.9650037
 0.7057057  0.9648544
 0.7067067  0.9647046
 0.7077077  0.9645544
 0.7087087  0.9644038
 0.7097097  0.9642528
 0.7107107  0.9641013
 0.7117117  0.9639494
 0.7127127  0.9637971
 0.7137137  0.9636443
 0.7147147  0.9634911
 0.7157157  0.9633375
 0.7167167  0.9631835
 0.7177177  0.9630290
 0.7187187  0.9628741
 0.7197197  0.9627188
 0.7207207  0.9625630
 0.7217217  0.9624068
 0.7227227  0.9622502
 0.7237237  0.9620931
 0.7247247  0.9619356
 0.7257257  0.9617776
 0.7267267  0.9616193
 0.7277277  0.9614604
 0.7287287  0.9613012
 0.7297297  0.9611415
 0.7307307  0.9609814
 0.7317317  0.9608208
 0.7327327  0.9606598
 0.7337337  0.9604983
 0.7347347  0.9603364
 0.7357357  0.9601741
 0.7367367  0.9600113
 0.7377377  0.9598481
 0.7387387  0.9596844
 0.7397397  0.9595203
 0.7407407  0.9593558
 0.7417417  0.9591908
 0.7427427  0.9590254
 0.7437437  0.9588595
 0.7447447  0.9586931
 0.7457457  0.9585263
 0.7467467  0.9583591
 0.7477477  0.9581914
 0.7487487  0.9580233
 0.7497497  0.9578547
 0.7507508  0.9576857
 0.7517518  0.9575162
 0.7527528  0.9573463
 0.7537538  0.9571759
 0.7547548  0.9570050
 0.7557558  0.9568337
 0.7567568  0.9566620
 0.7577578  0.9564898
 0.7587588  0.9563171
 0.7597598  0.9561440
 0.7607608  0.9559704
 0.7617618  0.9557964
 0.7627628  0.9556219
 0.7637638  0.9554470
 0.7647648  0.9552716
 0.7657658  0.9550957
 0.7667668  0.9549194
 0.7677678  0.9547426
 0.7687688  0.9545653
 0.7697698  0.9543876
 0.7707708  0.9542095
 0.7717718  0.9540308
 0.7727728  0.9538517
 0.7737738  0.9536722
 0.7747748  0.9534921
 0.7757758  0.9533116
 0.7767768  0.9531307
 0.7777778  0.9529492
 0.7787788  0.9527673
 0.7797798  0.9525850
 0.7807808  0.9524021
 0.7817818  0.9522188
 0.7827828  0.9520351
 0.7837838  0.9518508
 0.7847848  0.9516661
 0.7857858  0.9514809
 0.7867868  0.9512953
 0.7877878  0.9511091
 0.7887888  0.9509225
 0.7897898  0.9507354
 0.7907908  0.9505479
 0.7917918  0.9503599
 0.7927928  0.9501714
 0.7937938  0.9499824
 0.7947948  0.9497929
 0.7957958  0.9496030
 0.7967968  0.9494126
 0.7977978  0.9492217
 0.7987988  0.9490303
 0.7997998  0.9488384
 0.8008008  0.9486461
 0.8018018  0.9484533
 0.8028028  0.9482600
 0.8038038  0.9480662
 0.8048048  0.9478719
 0.8058058  0.9476772
 0.8068068  0.9474819
 0.8078078  0.9472862
 0.8088088  0.9470900
 0.8098098  0.9468933
 0.8108108  0.9466961
 0.8118118  0.9464985
 0.8128128  0.9463003
 0.8138138  0.9461017
 0.8148148  0.9459026
 0.8158158  0.9457029
 0.8168168  0.9455028
 0.8178178  0.9453022
 0.8188188  0.9451011
 0.8198198  0.9448995
 0.8208208  0.9446975
 0.8218218  0.9444949
 0.8228228  0.9442918
 0.8238238  0.9440883
 0.8248248  0.9438842
 0.8258258  0.9436796
 0.8268268  0.9434746
 0.8278278  0.9432690
 0.8288288  0.9430630
 0.8298298  0.9428565
 0.8308308  0.9426494
 0.8318318  0.9424419
 0.8328328  0.9422338
 0.8338338  0.9420253
 0.8348348  0.9418163
 0.8358358  0.9416067
 0.8368368  0.9413967
 0.8378378  0.9411861
 0.8388388  0.9409751
 0.8398398  0.9407635
 0.8408408  0.9405514
 0.8418418  0.9403389
 0.8428428  0.9401258
 0.8438438  0.9399122
 0.8448448  0.9396981
 0.8458458  0.9394835
 0.8468468  0.9392684
 0.8478478  0.9390528
 0.8488488  0.9388367
 0.8498498  0.9386200
 0.8508509  0.9384029
 0.8518519  0.9381852
 0.8528529  0.9379671
 0.8538539  0.9377484
 0.8548549  0.9375292
 0.8558559  0.9373095
 0.8568569  0.9370893
 0.8578579  0.9368685
 0.8588589  0.9366473
 0.8598599  0.9364255
 0.8608609  0.9362032
 0.8618619  0.9359804
 0.8628629  0.9357571
 0.8638639  0.9355332
 0.8648649  0.9353089
 0.8658659  0.9350840
 0.8668669  0.9348586
 0.8678679  0.9346327
 0.8688689  0.9344062
 0.8698699  0.9341792
 0.8708709  0.9339518
 0.8718719  0.9337237
 0.8728729  0.9334952
 0.8738739  0.9332661
 0.8748749  0.9330365
 0.8758759  0.9328064
 0.8768769  0.9325758
 0.8778779  0.9323446
 0.8788789  0.9321129
 0.8798799  0.9318807
 0.8808809  0.9316479
 0.8818819  0.9314147
 0.8828829  0.9311809
 0.8838839  0.9309465
 0.8848849  0.9307116
 0.8858859  0.9304762
 0.8868869  0.9302403
 0.8878879  0.9300038
 0.8888889  0.9297668
 0.8898899  0.9295293
 0.8908909  0.9292912
 0.8918919  0.9290526
 0.8928929  0.9288134
 0.8938939  0.9285737
 0.8948949  0.9283335
 0.8958959  0.9280928
 0.8968969  0.9278515
 0.8978979  0.9276096
 0.8988989  0.9273672
 0.8998999  0.9271243
 0.9009009  0.9268809
 0.9019019  0.9266369
 0.9029029  0.9263923
 0.9039039  0.9261472
 0.9049049  0.9259016
 0.9059059  0.9256554
 0.9069069  0.9254087
 0.9079079  0.9251614
 0.9089089  0.9249136
 0.9099099  0.9246653
 0.9109109  0.9244164
 0.9119119  0.9241669
 0.9129129  0.9239169
 0.9139139  0.9236664
 0.9149149  0.9234153
 0.9159159  0.9231636
 0.9169169  0.9229114
 0.9179179  0.9226587
 0.9189189  0.9224054
 0.9199199  0.9221515
 0.9209209  0.9218971
 0.9219219  0.9216422
 0.9229229  0.9213867
 0.9239239  0.9211306
 0.9249249  0.9208740
 0.9259259  0.9206168
 0.9269269  0.9203590
 0.9279279  0.9201007
 0.9289289  0.9198419
 0.9299299  0.9195825
 0.9309309  0.9193225
 0.9319319  0.9190620
 0.9329329  0.9188009
 0.9339339  0.9185392
 0.9349349  0.9182770
 0.9359359  0.9180143
 0.9369369  0.9177509
 0.9379379  0.9174870
 0.9389389  0.9172225
 0.9399399  0.9169575
 0.9409409  0.9166919
 0.9419419  0.9164258
 0.9429429  0.9161590
 0.9439439  0.9158917
 0.9449449  0.9156239
 0.9459459  0.9153555
 0.9469469  0.9150865
 0.9479479  0.9148169
 0.9489489  0.9145468
 0.9499499  0.9142761
 0.9509510  0.9140048
 0.9519520  0.9137329
 0.9529530  0.9134605
 0.9539540  0.9131875
 0.9549550  0.9129139
 0.9559560  0.9126398
 0.9569570  0.9123651
 0.9579580  0.9120898
 0.9589590  0.9118139
 0.9599600  0.9115375
 0.9609610  0.9112604
 0.9619620  0.9109828
 0.9629630  0.9107047
 0.9639640  0.9104259
 0.9649650  0.9101466
 0.9659660  0.9098667
 0.9669670  0.9095862
 0.9679680  0.9093051
 0.9689690  0.9090234
 0.9699700  0.9087412
 0.9709710  0.9084583
 0.9719720  0.9081749
 0.9729730  0.9078909
 0.9739740  0.9076064
 0.9749750  0.9073212
 0.9759760  0.9070354
 0.9769770  0.9067491
 0.9779780  0.9064622
 0.9789790  0.9061747
 0.9799800  0.9058866
 0.9809810  0.9055979
 0.9819820  0.9053086
 0.9829830  0.9050187
 0.9839840  0.9047283
 0.9849850  0.9044372
 0.9859860  0.9041456
 0.9869870  0.9038533
 0.9879880  0.9035605
 0.9889890  0.9032671
 0.9899900  0.9029730
 0.9909910  0.9026784
 0.9919920  0.9023832
 0.9929930  0.9020874
 0.9939940  0.9017910
 0.9949950  0.9014940
 0.9959960  0.9011964
 0.9969970  0.9008982
 0.9979980  0.9005994
 0.9989990  0.9003000
 1.0000000  0.9000000
